0000000000000000000000000000
0000000000000000000000000000
0000000000000000000000000000
0000000000000000000000000000
0000000000000000000000000000
0000000000000000000000000000
0000000000000000000000000000
0000000011000111111100000000
0000000111111111111110000000
0000000111111111111110000000
0000001111111110001110000000
0000001111111000001100000000
0000001111100000011100000000
0000000100000000011100000000
0000000000000000111100000000
0000000000000000111000000000
0000000000000001110000000000
0000000000000001110000000000
0000000000000011110000000000
0000000000000111100000000000
0000000000000111000000000000
0000000000000111000000000000
0000000000001111000000000000
0000000000001111000000000000
0000000000001111100000000000
0000000000001111100000000000
0000000000000111000000000000
0000000000000000000000000000
