0000000000000000000000000000
0000000000000000000000000000
0000000000000000000000000000
0000000000000000000000000000
0000000000000000000000000000
0000000000000000000000000000
0000000000000000000000000000
0000000000000000000000000000
0000000000000000000000000000
0000000000011111110000000000
0000000001111111111111000000
0000000011111111111111100000
0000001111111111111111100000
0000011111111100000111100000
0000011111100000000111100000
0000011111000000000111000000
0000011110000000000111000000
0001111000000000000111000000
0001100000000000001111000000
0000000000000000001111000000
0000000000000000001110000000
0000000000000000011110000000
0000000000000000011110000000
0000000000000000001110000000
0000000000000000001110000000
0000000000000000000000000000
0000000000000000000000000000
0000000000000000000000000000
