0000000000000000000000000000
0000000000000000000000000000
0000000000000000000000000000
0000000000000000000000000000
0000000000000000000000000000
0000000000000000000000000000
0000000000000000000000000000
0000000111111110000000000000
0000000111111111110000000000
0000001111111111111000000000
0000011111111111111000000000
0000011110000111111100000000
0000011000000011111100000000
0000000000000011111100000000
0000000000000011111100000000
0000000000000011111000000000
0000000000000001111000000000
0000000000000001110000000000
0000000000000011110000000000
0000000000000011110000000000
0000000000000011110000000000
0000000000000011110000000000
0000000000000011110000000000
0000000000000011111000000000
0000000000000011111100000000
0000000000000011111100000000
0000000000000001111000000000
0000000000000000000000000000
