0000000000000000000000000000
0000000000000000000000000000
0000000000000000000000000000
0000000000000000000000000000
0000000000000000000000000000
0000000000000000000000000000
0000000000000000000000000000
0000000000000111111000000000
0000000001111111111100000000
0000000111111111111100000000
0000001111111111111100000000
0000011110000000111000000000
0000011000000000111000000000
0000110000000000111000000000
0000110000000001110000000000
0000000000000001110000000000
0000000000000001110000000000
0000000000000001110000000000
0000000000000001110000000000
0000000000000001110000000000
0000000000000001110000000000
0000000000000001110000000000
0000000000000001110000000000
0000000000000001110000000000
0000000000000001110000000000
0000000000000000111000000000
0000000000000000011000000000
0000000000000000000000000000
