1000 | 2933

500 | 2577

250 | 2659

100 | 2932
'dotnet.exe' (CoreCLR: clrhost): Loaded 'C:\Users\DamirDobric\.nuget\packages\system.runtime.compilerservices.unsafe\4.5.2\lib\netcoreapp2.0\System.Runtime.CompilerServices.Unsafe.dll'. Module was built without symbols.

50 | 3879

10 | 5101

1 | 18457
----------- 1 -----------

1000 | 2632

500 | 2475

250 | 3479

100 | 3703

50 | 3422

10 | 4420

1 | 17415
----------- 2 -----------

1000 | 2540

500 | 2964

250 | 3577

100 | 3442

50 | 3101

10 | 4236

1 | 16086
----------- 3 -----------

1000 | 2744

500 | 2976

250 | 3546

100 | 3393

50 | 3153

10 | 4246

1 | 14654
----------- 4 -----------

1000 | 2567

500 | 2667

250 | 3131

100 | 3908

50 | 3285

10 | 4302

1 | 17167
----------- 5 -----------

1000 | 2612

500 | 3249

250 | 3670

100 | 3141

50 | 3144

10 | 4228

1 | 18351
----------- 6 -----------

1000 | 3327

500 | 3832

250 | 3301

100 | 2898

50 | 2644

10 | 4340

1 | 15971
----------- 7 -----------

1000 | 3302

500 | 3460

250 | 3200

100 | 2828

50 | 2639

10 | 4232

1 | 15127
----------- 8 -----------

1000 | 2833

500 | 9568

250 | 5121

100 | 2754 

50 | 2650

10 | 4155

1 | 14738
----------- 9 -----------

1000 | 3427

500 | 3766

250 | 3266

100 | 2758

50 | 2623

10 | 4234

1 | 15077

4096 columns