77851
74917
75316
25109
19306
20742
18732
28692
24097
23043
27482
21222
29174
90019
80025
74458
66163
69117
34817
47174
37259
24366
33834
82063
66018
77457
62423
61903
66601
66588
76276
69241
73298
35825
74611
62781
54077
18248
18636
18623
22586
19259
23291
18756
19312
23453
19060
74487
71630
74917
75316
25109
19306
18732
24097
23043
27482
21222
29174
90019
80025
74458
66163
69117
34817
47174
37259
24366
33834
82063
66018
77457
75142
62423
61903
66601
66588
76276
69241
73298
35825
74611
62781
54077
18248
18636
18623
22586
19259
23291
18756
19312
23453
























































