10043, 10260, 10942, 11064, 11306, 11651, 11678, 11725, 11843, 11920, 11985, 12210, 12258, 12282, 12365, 12924, 12990, 13081, 13246, 13347 

2227, 2274, 2857, 3105, 3190, 3532, 3822, 3828, 4040, 4198, 4234, 4303, 4337, 5031, 5116, 5378, 5408, 5775, 6250, 6299, 11976, 11986, 12170, 12291, 12294, 12358, 12780, 12789, 12876, 12910, 12916, 13098, 13186, 13187, 13739, 13742, 13888, 13894, 13935, 14234, 14256, 14261, 15095, 15099, 15287, 15566, 15586, 15603, 15621, 15698, 15699, 15731, 15747, 15866, 16326, 16329, 16457, 16578, 16619, 16915, 


11986, 12291, 12789, 12916, 13187, 13739, 13894, 14256, 15099, 15287, 15566, 15621, 15699, 15731, 15866, 16329, 16457, 16578, 16619, 16915 

2227, 2274, 2857, 3105, 3190, 3532, 3822, 3828, 4040, 4198, 4234, 4303, 4337, 5031, 5116, 5378, 5408, 5775, 6250, 6299

11976, 12170, 12294, 12358, 12780, 12876, 12910, 13098, 13186, 13742, 13888, 13935, 14234, 14261, 15095, 15586, 15603, 15698, 15747, 16326 

