7, 18, 24, 29, 39, 45, 46, 54, 65, 95, 100, 103, 116, 118, 124, 141, 148, 155, 158, 167, 171, 176, 178, 180, 181, 188, 200, 214, 230, 231, 232, 238, 241, 250, 293, 1890, 1938, 1947, 1975, 1982, 2026
0, 7, 12, 18, 24, 29, 39, 44, 46, 65, 81, 95, 100, 124, 125, 129, 140, 148, 149, 158, 162, 167, 170, 172, 176, 178, 180, 181, 183, 188, 214, 230, 231, 241, 1938, 1947, 1982, 1994, 2014, 2026, 2029
0, 2, 12, 16, 24, 29, 31, 34, 39, 40, 44, 46, 54, 65, 72, 81, 95, 100, 120, 129, 140, 141, 145, 148, 149, 151, 158, 162, 181, 188, 214, 216, 241, 276, 340, 1938, 1947, 1975, 2014, 2026, 2029
0, 2, 29, 37, 39, 40, 44, 46, 49, 65, 72, 81, 95, 100, 106, 111, 120, 140, 141, 145, 148, 149, 150, 157, 164, 167, 181, 188, 202, 214, 216, 224, 225, 228, 231, 357, 1975, 2010, 2026, 2029, 2039 
2, 29, 37, 44, 46, 49, 65, 68, 81, 95, 100, 106, 111, 140, 145, 148, 149, 157, 164, 181, 184, 188, 202, 214, 216, 224, 225, 231, 252, 253, 267, 303, 310, 348, 352, 1975, 2010, 2026, 2028, 2029, 2039 
2, 12, 18, 23, 29, 31, 37, 41, 44, 49, 65, 68, 81, 90, 95, 100, 106, 110, 114, 145, 149, 154, 157, 162, 163, 164, 184, 188, 202, 214, 216, 224, 225, 228, 253, 310, 348, 352, 1979, 2029, 2039
2, 18, 19, 25, 31, 37, 44, 46, 49, 65, 90, 100, 106, 115, 119, 130, 145, 149, 152, 154, 157, 161, 163, 164, 176, 188, 191, 202, 214, 216, 224, 225, 235, 249, 253, 303, 306, 320, 348, 430, 2027
14, 19, 23, 25, 31, 33, 48, 49, 52, 64, 65, 66, 71, 87, 90, 98, 105, 106, 119, 137, 145, 157, 163, 184, 225, 235, 249, 253, 264, 320, 348, 360, 382, 411, 430, 437, 444, 448, 2023, 2027, 2045
3, 23, 25, 31, 36, 48, 49, 52, 60, 64, 87, 90, 98, 101, 106, 110, 119, 127, 152, 157, 163, 175, 176, 177, 201, 202, 225, 229, 235, 243, 246, 253, 267, 286, 320, 360, 382, 411, 427, 444, 2027
3, 23, 25, 31, 48, 49, 52, 64, 87, 88, 90, 98, 99, 101, 102, 106, 112, 119, 120, 127, 134, 146, 152, 157, 163, 175, 177, 201, 219, 225, 229, 232, 243, 253, 267, 320, 386, 411, 416, 427, 454 
 25, 31, 49, 52, 64, 71, 88, 90, 98, 101, 112, 113, 117, 119, 120, 128, 137, 146, 152, 163, 177, 201, 209, 212, 219, 221, 225, 226, 229, 232, 235, 239, 253, 320, 386, 389, 398, 411, 427, 450, 499 
 31, 52, 64, 71, 88, 90, 98, 101, 102, 112, 117, 119, 120, 128, 134, 137, 146, 152, 163, 177, 194, 201, 212, 219, 226, 229, 232, 239, 270, 320, 321, 338, 344, 386, 389, 395, 398, 411, 427, 450, 499 
 52, 64, 71, 82, 90, 96, 101, 102, 112, 119, 120, 127, 134, 146, 152, 163, 212, 215, 219, 226, 229, 232, 236, 239, 270, 272, 283, 284, 320, 321, 335, 338, 386, 389, 395, 398, 427, 454, 482, 499, 523 
 101, 112, 119, 134, 146, 153, 160, 165, 192, 209, 212, 218, 219, 229, 236, 239, 255, 266, 270, 272, 273, 283, 320, 321, 338, 344, 373, 376, 386, 395, 422, 427, 441, 464, 498, 499, 506, 518, 523, 537, 561 
 102, 112, 118, 134, 146, 160, 185, 192, 201, 209, 212, 217, 219, 228, 236, 239, 255, 266, 270, 272, 273, 283, 291, 313, 321, 326, 328, 344, 369, 371, 373, 389, 395, 427, 441, 464, 499, 505, 506, 523, 583 
 118, 146, 160, 165, 185, 192, 197, 209, 212, 217, 219, 228, 236, 266, 270, 273, 291, 326, 335, 350, 360, 373, 392, 395, 406, 418, 427, 431, 435, 441, 446, 464, 466, 469, 490, 498, 506, 583, 585, 599, 600 
 144, 160, 169, 185, 192, 195, 197, 209, 215, 217, 219, 236, 242, 266, 273, 300, 313, 350, 351, 360, 377, 390, 395, 414, 418, 431, 435, 438, 446, 469, 479, 482, 490, 498, 499, 513, 520, 585, 599, 616, 624 
 144, 160, 185, 192, 197, 211, 215, 216, 217, 219, 228, 240, 242, 250, 266, 273, 300, 313, 350, 351, 360, 376, 378, 390, 395, 406, 418, 431, 435, 442, 446, 469, 479, 482, 498, 540, 585, 599, 615, 616, 624 
 168, 179, 185, 187, 192, 195, 197, 211, 215, 240, 242, 257, 263, 266, 298, 300, 302, 319, 330, 350, 351, 360, 376, 390, 395, 431, 435, 442, 446, 452, 462, 474, 479, 496, 520, 540, 542, 553, 615, 616, 650 
 187, 192, 195, 197, 211, 227, 240, 241, 242, 245, 247, 257, 262, 263, 266, 298, 302, 327, 330, 350, 351, 372, 376, 390, 400, 415, 435, 442, 446, 452, 474, 477, 516, 520, 540, 586, 614, 615, 621, 650, 654 
 192, 195, 240, 242, 257, 262, 282, 298, 302, 314, 327, 330, 345, 350, 351, 358, 372, 390, 396, 400, 415, 426, 435, 442, 452, 468, 474, 477, 503, 513, 516, 520, 540, 568, 586, 596, 614, 615, 621, 654, 694 
 240, 241, 242, 247, 257, 260, 298, 302, 327, 330, 345, 350, 358, 388, 399, 400, 421, 425, 426, 435, 442, 462, 474, 477, 504, 516, 520, 540, 558, 568, 578, 586, 596, 614, 615, 620, 621, 624, 650, 651, 654
 242, 262, 293, 295, 302, 307, 314, 327, 339, 340, 345, 349, 350, 351, 358, 362, 374, 379, 399, 400, 421, 425, 442, 457, 462, 474, 504, 540, 547, 568, 586, 596, 597, 620, 621, 624, 650, 651, 654, 665, 726, 773 
 278, 298, 307, 314, 324, 327, 335, 340, 345, 349, 351, 357, 358, 362, 379, 399, 400, 425, 442, 457, 460, 462, 471, 474, 477, 483, 504, 547, 568, 586, 597, 620, 621, 624, 647, 650, 651, 654, 665, 726, 773
 298, 307, 314, 324, 327, 335, 340, 345, 349, 357, 359, 362, 363, 370, 379, 388, 400, 425, 442, 457, 460, 462, 471, 474, 477, 478, 497, 504, 541, 568, 597, 604, 620, 624, 650, 651, 665, 668, 717, 726, 773 
 298, 307, 327, 340, 357, 362, 363, 379, 388, 391, 399, 445, 451, 454, 457, 459, 460, 462, 467, 471, 504, 542, 547, 564, 594, 597, 604, 665, 667, 668, 674, 695, 699, 717, 726, 737, 763, 769, 773, 781, 789 
 307, 327, 357, 362, 363, 368, 379, 399, 429, 433, 445, 454, 457, 458, 459, 460, 462, 471, 509, 515, 525, 564, 568, 577, 588, 589, 594, 597, 601, 621, 651, 665, 668, 683, 695, 763, 769, 773, 781, 789, 793 
 349, 357, 362, 363, 367, 368, 379, 392, 425, 429, 433, 434, 436, 445, 451, 453, 454, 455, 459, 460, 462, 478, 509, 515, 525, 564, 577, 589, 597, 601, 651, 665, 668, 695, 702, 763, 773, 781, 788, 789, 814 
 363, 367, 368, 378, 379, 381, 392, 393, 403, 428, 429, 433, 434, 436, 445, 451, 453, 454, 455, 478, 480, 491, 500, 505, 515, 564, 577, 597, 638, 651, 665, 668, 695, 725, 745, 748, 755, 763, 773, 788, 843 
 368, 379, 381, 393, 428, 436, 445, 451, 454, 478, 480, 491, 500, 501, 505, 509, 510, 512, 515, 525, 529, 533, 546, 547, 553, 556, 564, 577, 589, 594, 597, 603, 610, 636, 638, 641, 668, 725, 745, 755, 866 
 393, 410, 424, 426, 429, 445, 451, 453, 463, 480, 491, 501, 505, 509, 510, 512, 515, 525, 529, 533, 534, 546, 553, 556, 575, 577, 589, 603, 606, 627, 641, 646, 668, 677, 706, 725, 732, 745, 755, 816, 866
 410, 424, 426, 445, 451, 453, 454, 463, 501, 505, 510, 515, 529, 533, 534, 538, 546, 553, 556, 565, 567, 577, 582, 603, 615, 617, 627, 641, 646, 659, 668, 677, 706, 715, 725, 732, 735, 755, 766, 804, 816 
 445, 451, 463, 473, 500, 505, 510, 515, 519, 529, 533, 534, 546, 556, 567, 575, 576, 588, 589, 606, 607, 615, 617, 618, 637, 641, 646, 659, 664, 677, 711, 715, 725, 732, 735, 748, 750, 760, 766, 794, 892
 463, 472, 473, 486, 487, 509, 510, 533, 534, 556, 567, 575, 576, 578, 581, 607, 617, 627, 637, 641, 646, 653, 654, 661, 664, 677, 701, 711, 725, 732, 735, 741, 743, 747, 750, 816, 848, 850, 888, 905, 924
 463, 483, 487, 500, 507, 510, 524, 533, 539, 541, 556, 567, 576, 578, 581, 591, 607, 617, 627, 637, 641, 646, 653, 654, 660, 664, 677, 701, 707, 711, 725, 732, 743, 761, 825, 900, 906, 907, 947, 955, 961
 507, 510, 522, 524, 539, 541, 550, 567, 573, 576, 578, 579, 581, 591, 607, 617, 627, 637, 641, 653, 654, 661, 664, 677, 711, 717, 725, 730, 743, 748, 753, 761, 806, 825, 898, 916, 939, 947, 955, 968, 982
 510, 539, 543, 550, 560, 562, 566, 567, 573, 576, 578, 579, 581, 582, 587, 591, 617, 627, 633, 635, 637, 641, 659, 661, 677, 711, 738, 753, 761, 767, 786, 806, 848, 863, 931, 939, 947, 956, 968, 1010, 1023 
 539, 550, 560, 562, 567, 573, 578, 579, 581, 586, 587, 591, 617, 627, 633, 635, 637, 659, 661, 671, 672, 677, 680, 711, 717, 726, 730, 738, 741, 747, 753, 767, 863, 916, 931, 939, 947, 956, 968, 1010, 1023
 543, 562, 573, 578, 579, 581, 587, 617, 623, 635, 637, 671, 672, 680, 705, 711, 717, 719, 723, 727, 730, 731, 738, 740, 748, 753, 761, 762, 786, 844, 902, 922, 931, 945, 947, 956, 962, 968, 1010, 1016, 1023 
 570, 573, 579, 581, 587, 595, 623, 635, 636, 637, 671, 672, 691, 700, 701, 707, 711, 719, 721, 722, 723, 730, 732, 747, 748, 753, 761, 767, 778, 829, 902, 908, 947, 956, 968, 1016, 1023, 1027, 1038, 1053, 1062 
 579, 587, 609, 623, 635, 637, 640, 671, 672, 691, 700, 707, 708, 717, 719, 721, 723, 730, 738, 748, 751, 753, 758, 767, 776, 778, 791, 797, 803, 836, 837, 844, 897, 902, 923, 956, 998, 1023, 1027, 1038, 1062 
 622, 629, 631, 640, 691, 697, 707, 719, 721, 723, 730, 745, 748, 753, 767, 776, 785, 803, 827, 836, 843, 844, 875, 880, 897, 902, 907, 916, 923, 931, 941, 956, 974, 1007, 1023, 1027, 1032, 1038, 1062, 1072, 1074 
 622, 631, 658, 682, 691, 697, 700, 707, 723, 745, 776, 780, 785, 803, 827, 828, 830, 843, 844, 875, 876, 880, 891, 897, 923, 925, 926, 931, 941, 944, 956, 962, 969, 974, 1007, 1027, 1032, 1038, 1072, 1082, 1105 
 656, 658, 691, 700, 707, 723, 745, 760, 775, 776, 780, 783, 801, 803, 830, 843, 844, 853, 861, 875, 891, 896, 897, 915, 926, 931, 937, 941, 956, 975, 995, 1007, 1027, 1032, 1038, 1050, 1072, 1074, 1105, 1115, 1124
 658, 691, 700, 707, 713, 723, 760, 776, 780, 783, 830, 843, 844, 853, 861, 878, 886, 889, 891, 895, 896, 897, 902, 922, 926, 941, 975, 981, 995, 1004, 1007, 1016, 1027, 1032, 1057, 1072, 1074, 1105, 1115, 1124, 1136
 676, 687, 691, 754, 760, 769, 776, 780, 783, 812, 826, 830, 844, 853, 857, 861, 865, 878, 882, 886, 889, 891, 896, 897, 899, 941, 960, 961, 962, 965, 975, 981, 988, 1007, 1027, 1031, 1045, 1057, 1132, 1136, 1171
 691, 779, 780, 796, 810, 812, 826, 830, 853, 861, 871, 878, 882, 883, 889, 915, 937, 938, 941, 960, 963, 965, 974, 975, 988, 995, 1007, 1019, 1027, 1029, 1031, 1041, 1042, 1044, 1045, 1057, 1070, 1085, 1139, 1156, 1171 
 746, 772, 780, 783, 800, 810, 811, 812, 830, 853, 889, 896, 915, 919, 934, 937, 941, 960, 965, 975, 980, 986, 988, 995, 999, 1007, 1019, 1021, 1029, 1031, 1040, 1041, 1042, 1070, 1085, 1089, 1091, 1092, 1096, 1139, 1207
 772, 779, 780, 800, 806, 810, 811, 812, 818, 831, 841, 843, 857, 864, 896, 915, 919, 934, 937, 960, 962, 965, 975, 980, 986, 988, 995, 1007, 1021, 1025, 1026, 1029, 1030, 1036, 1041, 1087, 1089, 1139, 1155, 1169, 1207
 772, 779, 800, 806, 810, 811, 812, 823, 841, 844, 863, 864, 878, 883, 888, 896, 921, 922, 934, 937, 960, 987, 988, 1002, 1007, 1021, 1026, 1029, 1036, 1040, 1047, 1080, 1088, 1089, 1092, 1112, 1139, 1169, 1207, 1219, 1258 
 779, 800, 806, 810, 811, 812, 823, 835, 858, 863, 864, 872, 883, 888, 934, 937, 940, 943, 966, 1014, 1026, 1029, 1040, 1044, 1067, 1075, 1080, 1088, 1089, 1092, 1103, 1111, 1112, 1117, 1122, 1139, 1155, 1163, 1169, 1258, 1262
 800, 806, 810, 811, 823, 835, 841, 858, 863, 864, 870, 901, 914, 934, 937, 940, 943, 966, 976, 987, 1014, 1025, 1026, 1029, 1040, 1051, 1067, 1075, 1088, 1089, 1112, 1117, 1139, 1155, 1163, 1169, 1219, 1250, 1258, 1262, 1275 
 810, 811, 835, 858, 863, 864, 870, 901, 906, 919, 924, 934, 937, 940, 943, 966, 987, 996, 1002, 1005, 1014, 1015, 1024, 1025, 1075, 1077, 1088, 1089, 1090, 1103, 1112, 1117, 1128, 1139, 1153, 1155, 1258, 1262, 1263, 1275, 1284
 845, 858, 863, 864, 870, 879, 901, 904, 906, 919, 924, 934, 943, 966, 977, 978, 987, 996, 1014, 1015, 1024, 1025, 1034, 1047, 1067, 1075, 1077, 1088, 1089, 1090, 1103, 1112, 1155, 1158, 1162, 1196, 1199, 1211, 1240, 1262, 1301
 845, 858, 863, 864, 870, 879, 901, 906, 919, 933, 943, 966, 987, 996, 1014, 1017, 1025, 1033, 1034, 1063, 1064, 1066, 1067, 1069, 1077, 1088, 1089, 1090, 1092, 1093, 1103, 1112, 1128, 1140, 1145, 1196, 1211, 1262, 1268, 1313, 1
 876, 879, 901, 924, 933, 936, 943, 945, 957, 978, 981, 987, 996, 1001, 1014, 1017, 1033, 1034, 1044, 1061, 1063, 1064, 1066, 1067, 1069, 1077, 1090, 1100, 1131, 1145, 1146, 1160, 1175, 1190, 1196, 1199, 1211, 1215, 1240, 1268, 
 901, 904, 936, 946, 953, 957, 961, 966, 987, 991, 1001, 1005, 1017, 1028, 1033, 1034, 1043, 1061, 1063, 1069, 1072, 1077, 1090, 1131, 1135, 1145, 1146, 1156, 1160, 1175, 1190, 1196, 1199, 1211, 1240, 1241, 1262, 1305, 1337, 135
 901, 924, 936, 946, 953, 957, 960, 961, 973, 1001, 1017, 1028, 1033, 1034, 1047, 1063, 1069, 1077, 1090, 1100, 1111, 1130, 1131, 1135, 1145, 1146, 1150, 1156, 1160, 1175, 1178, 1190, 1191, 1196, 1199, 1211, 1240, 1241, 1262, 13
 901, 936, 946, 953, 957, 961, 973, 981, 991, 997, 1002, 1014, 1017, 1025, 1034, 1047, 1069, 1100, 1111, 1128, 1131, 1145, 1146, 1150, 1156, 1160, 1175, 1184, 1190, 1196, 1211, 1232, 1238, 1239, 1240, 1241, 1309, 1333, 1344, 138
 946, 957, 963, 975, 981, 982, 991, 997, 1002, 1008, 1017, 1020, 1022, 1047, 1068, 1069, 1100, 1115, 1128, 1131, 1143, 1145, 1146, 1150, 1156, 1161, 1165, 1180, 1184, 1190, 1196, 1215, 1220, 1226, 1239, 1241, 1333, 1344, 1403, 1
 963, 975, 981, 985, 991, 997, 1000, 1017, 1022, 1047, 1048, 1054, 1069, 1107, 1115, 1131, 1132, 1145, 1150, 1161, 1165, 1167, 1168, 1176, 1180, 1184, 1190, 1215, 1233, 1239, 1273, 1300, 1333, 1364, 1375, 1391, 1403, 1418, 1431
 985, 997, 1000, 1006, 1022, 1039, 1044, 1047, 1048, 1060, 1115, 1122, 1132, 1145, 1150, 1151, 1161, 1167, 1168, 1174, 1179, 1180, 1204, 1215, 1225, 1238, 1239, 1254, 1273, 1281, 1295, 1318, 1330, 1333, 1364, 1373, 1418, 1456, 1
 997, 1000, 1006, 1022, 1034, 1039, 1047, 1048, 1050, 1060, 1083, 1084, 1118, 1119, 1121, 1131, 1136, 1154, 1161, 1167, 1174, 1175, 1180, 1181, 1185, 1204, 1225, 1237, 1238, 1259, 1267, 1290, 1318, 1320, 1333, 1336, 1418, 1456
 1034, 1039, 1048, 1050, 1071, 1083, 1084, 1107, 1121, 1128, 1136, 1161, 1167, 1174, 1181, 1198, 1200, 1204, 1207, 1220, 1237, 1239, 1263, 1267, 1277, 1286, 1290, 1292, 1293, 1307, 1333, 1336, 1364, 1373, 1418, 1435, 1456, 1483
 1039, 1048, 1050, 1071, 1083, 1084, 1088, 1120, 1121, 1128, 1154, 1161, 1167, 1174, 1179, 1181, 1198, 1200, 1204, 1207, 1220, 1237, 1239, 1263, 1264, 1267, 1277, 1286, 1290, 1292, 1318, 1322, 1333, 1336, 1374, 1418, 1456, 1483
 1039, 1048, 1084, 1102, 1120, 1154, 1161, 1164, 1167, 1170, 1181, 1197, 1200, 1203, 1204, 1216, 1237, 1239, 1265, 1277, 1286, 1290, 1299, 1301, 1318, 1320, 1322, 1333, 1334, 1336, 1340, 1351, 1374, 1420, 1434, 1481, 1483, 1502
 1084, 1102, 1119, 1120, 1146, 1154, 1159, 1161, 1164, 1167, 1179, 1181, 1197, 1200, 1216, 1217, 1264, 1265, 1267, 1276, 1277, 1286, 1290, 1299, 1301, 1320, 1322, 1326, 1334, 1357, 1374, 1410, 1420, 1502, 1510, 1512, 1517, 1521
 1102, 1103, 1119, 1120, 1142, 1146, 1149, 1159, 1164, 1167, 1175, 1178, 1179, 1181, 1197, 1200, 1216, 1217, 1225, 1237, 1263, 1265, 1267, 1274, 1276, 1277, 1299, 1301, 1320, 1357, 1376, 1411, 1420, 1462, 1483, 1502, 1509, 1521
 1120, 1130, 1146, 1148, 1182, 1186, 1187, 1197, 1200, 1216, 1223, 1237, 1249, 1251, 1260, 1263, 1276, 1277, 1280, 1285, 1290, 1293, 1299, 1301, 1318, 1320, 1326, 1357, 1361, 1365, 1370, 1376, 1410, 1411, 1462, 1482, 1521, 1557
 1175, 1177, 1182, 1186, 1187, 1197, 1200, 1216, 1223, 1237, 1245, 1253, 1263, 1272, 1280, 1285, 1293, 1301, 1304, 1318, 1320, 1346, 1357, 1361, 1365, 1366, 1369, 1370, 1409, 1411, 1415, 1420, 1438, 1450, 1509, 1536, 1559, 1563
 1173, 1182, 1186, 1197, 1200, 1218, 1236, 1245, 1249, 1253, 1277, 1280, 1285, 1300, 1301, 1318, 1346, 1357, 1361, 1365, 1368, 1370, 1376, 1379, 1393, 1409, 1411, 1420, 1423, 1424, 1428, 1432, 1442, 1445, 1463, 1469, 1506, 1559
 1182, 1186, 1197, 1218, 1236, 1241, 1245, 1249, 1253, 1277, 1285, 1300, 1320, 1346, 1357, 1361, 1365, 1368, 1370, 1376, 1379, 1384, 1392, 1393, 1409, 1411, 1415, 1420, 1423, 1424, 1428, 1432, 1436, 1442, 1445, 1469, 1470, 1481
 1182, 1216, 1218, 1236, 1240, 1241, 1245, 1250, 1253, 1277, 1280, 1285, 1300, 1304, 1310, 1342, 1346, 1357, 1361, 1363, 1365, 1368, 1370, 1375, 1376, 1384, 1392, 1393, 1398, 1402, 1409, 1424, 1432, 1445, 1484, 1511, 1514, 1572
 1218, 1236, 1240, 1241, 1245, 1249, 1250, 1252, 1253, 1266, 1272, 1277, 1286, 1300, 1304, 1310, 1346, 1357, 1363, 1365, 1368, 1369, 1370, 1384, 1402, 1409, 1424, 1428, 1432, 1443, 1445, 1511, 1534, 1552, 1572, 1588, 1617, 1638
 1236, 1245, 1249, 1253, 1256, 1257, 1272, 1277, 1279, 1286, 1293, 1300, 1304, 1306, 1310, 1318, 1337, 1357, 1363, 1365, 1369, 1370, 1372, 1384, 1409, 1417, 1428, 1459, 1476, 1480, 1511, 1513, 1532, 1542, 1552, 1601, 1617, 1638
 1257, 1272, 1277, 1279, 1280, 1283, 1286, 1293, 1304, 1310, 1321, 1357, 1363, 1365, 1370, 1380, 1384, 1402, 1409, 1422, 1423, 1428, 1429, 1435, 1436, 1459, 1470, 1472, 1476, 1478, 1514, 1532, 1534, 1552, 1617, 1638, 1658, 1684
 1272, 1277, 1279, 1280, 1283, 1286, 1304, 1321, 1336, 1365, 1373, 1384, 1401, 1402, 1409, 1413, 1417, 1420, 1423, 1424, 1425, 1428, 1429, 1459, 1468, 1472, 1476, 1478, 1486, 1513, 1514, 1532, 1534, 1562, 1616, 1634, 1658, 1694
 1277, 1279, 1280, 1283, 1304, 1313, 1321, 1336, 1341, 1360, 1365, 1380, 1384, 1401, 1402, 1406, 1409, 1413, 1417, 1420, 1423, 1459, 1468, 1472, 1476, 1478, 1486, 1513, 1514, 1532, 1562, 1607, 1616, 1634, 1658, 1694, 1725, 1748
 1312, 1341, 1347, 1360, 1367, 1380, 1382, 1384, 1387, 1401, 1402, 1405, 1406, 1413, 1456, 1459, 1466, 1468, 1470, 1471, 1472, 1476, 1484, 1486, 1490, 1502, 1507, 1513, 1514, 1516, 1562, 1567, 1607, 1634, 1658, 1683, 1694, 1725
 1321, 1336, 1341, 1347, 1360, 1367, 1380, 1387, 1388, 1401, 1406, 1413, 1428, 1439, 1452, 1466, 1471, 1472, 1476, 1482, 1484, 1485, 1486, 1502, 1507, 1516, 1571, 1580, 1588, 1607, 1626, 1634, 1646, 1658, 1683, 1725, 1736, 1767
 1347, 1359, 1360, 1388, 1395, 1396, 1401, 1406, 1411, 1413, 1414, 1420, 1425, 1439, 1466, 1470, 1471, 1476, 1482, 1486, 1504, 1515, 1516, 1538, 1545, 1546, 1562, 1567, 1571, 1580, 1612, 1626, 1634, 1679, 1680, 1683, 1735, 1767
 1347, 1359, 1360, 1376, 1388, 1395, 1396, 1401, 1406, 1408, 1413, 1414, 1415, 1420, 1425, 1439, 1459, 1464, 1482, 1484, 1486, 1489, 1504, 1516, 1538, 1546, 1567, 1571, 1575, 1578, 1579, 1634, 1663, 1679, 1680, 1683, 1741, 1759
 1388, 1401, 1406, 1407, 1408, 1413, 1414, 1415, 1439, 1459, 1464, 1484, 1486, 1489, 1497, 1504, 1516, 1522, 1530, 1535, 1538, 1553, 1571, 1578, 1579, 1589, 1614, 1627, 1634, 1663, 1676, 1679, 1680, 1698, 1708, 1759, 1787, 1798
 1401, 1406, 1413, 1415, 1438, 1439, 1454, 1475, 1484, 1486, 1489, 1497, 1504, 1515, 1518, 1522, 1526, 1535, 1537, 1538, 1549, 1572, 1578, 1579, 1589, 1597, 1614, 1616, 1618, 1634, 1663, 1683, 1705, 1706, 1708, 1787, 1813, 1827
 1406, 1413, 1415, 1438, 1439, 1454, 1475, 1484, 1489, 1491, 1497, 1517, 1518, 1522, 1526, 1535, 1537, 1538, 1544, 1572, 1578, 1579, 1589, 1592, 1597, 1608, 1614, 1634, 1644, 1654, 1663, 1705, 1706, 1708, 1786, 1813, 1827, 1842
 1439, 1465, 1475, 1484, 1491, 1498, 1517, 1518, 1530, 1535, 1537, 1538, 1549, 1553, 1555, 1560, 1572, 1578, 1589, 1597, 1608, 1614, 1621, 1622, 1634, 1644, 1648, 1654, 1665, 1705, 1706, 1709, 1756, 1769, 1786, 1813, 1827, 1842
 1472, 1478, 1491, 1498, 1517, 1522, 1530, 1535, 1537, 1538, 1545, 1552, 1560, 1561, 1566, 1569, 1572, 1577, 1589, 1597, 1622, 1644, 1648, 1654, 1656, 1665, 1686, 1705, 1706, 1709, 1717, 1723, 1726, 1756, 1805, 1829, 1842, 1854
 1491, 1498, 1517, 1518, 1522, 1530, 1535, 1537, 1560, 1561, 1569, 1577, 1586, 1589, 1592, 1597, 1614, 1644, 1648, 1654, 1660, 1665, 1686, 1690, 1698, 1705, 1709, 1717, 1723, 1726, 1741, 1744, 1753, 1756, 1769, 1805, 1813, 1881
 1491, 1505, 1517, 1531, 1535, 1552, 1560, 1569, 1586, 1589, 1592, 1597, 1608, 1609, 1611, 1614, 1619, 1630, 1632, 1639, 1644, 1648, 1654, 1656, 1660, 1665, 1675, 1686, 1705, 1717, 1744, 1753, 1756, 1789, 1805, 1815, 1829, 1892
 1531, 1539, 1550, 1560, 1562, 1570, 1614, 1630, 1632, 1636, 1644, 1648, 1654, 1665, 1672, 1674, 1675, 1686, 1692, 1695, 1705, 1709, 1717, 1744, 1753, 1756, 1779, 1784, 1789, 1797, 1803, 1805, 1811, 1815, 1822, 1829, 1865, 1870
 5, 1550, 1560, 1562, 1599, 1604, 1614, 1623, 1630, 1636, 1640, 1648, 1651, 1654, 1672, 1674, 1675, 1683, 1695, 1709, 1717, 1720, 1744, 1755, 1756, 1772, 1779, 1784, 1797, 1803, 1805, 1815, 1819, 1831, 1853, 1865, 1919, 1949, 19
 5, 8, 20, 1550, 1560, 1576, 1577, 1599, 1604, 1611, 1623, 1630, 1636, 1648, 1651, 1654, 1672, 1674, 1686, 1695, 1698, 1709, 1717, 1728, 1744, 1746, 1755, 1756, 1772, 1777, 1784, 1805, 1819, 1831, 1853, 1865, 1919, 1949, 1956, 1
 4, 5, 8, 20, 1577, 1599, 1611, 1619, 1636, 1656, 1661, 1673, 1674, 1686, 1695, 1698, 1715, 1744, 1755, 1771, 1772, 1779, 1784, 1797, 1805, 1819, 1820, 1831, 1850, 1853, 1863, 1864, 1865, 1872, 1881, 1884, 1894, 1919, 1949, 1959
 0, 5, 8, 10, 20, 38, 1602, 1611, 1657, 1661, 1672, 1673, 1680, 1693, 1695, 1698, 1711, 1713, 1715, 1728, 1744, 1755, 1784, 1793, 1797, 1802, 1818, 1820, 1824, 1831, 1837, 1853, 1865, 1872, 1881, 1919, 1937, 1945, 1949, 1956, 20
 0, 8, 20, 36, 38, 44, 47, 53, 76, 1626, 1642, 1651, 1657, 1661, 1668, 1670, 1673, 1674, 1680, 1693, 1695, 1701, 1728, 1743, 1744, 1772, 1784, 1791, 1794, 1802, 1809, 1824, 1831, 1841, 1853, 1864, 1865, 1872, 1919, 1948, 2009 
 0, 8, 20, 36, 38, 47, 53, 56, 59, 75, 76, 1626, 1641, 1642, 1657, 1661, 1670, 1673, 1674, 1680, 1695, 1701, 1728, 1743, 1744, 1758, 1759, 1772, 1780, 1784, 1794, 1795, 1802, 1824, 1853, 1874, 1919, 1937, 1948, 1997, 2025
 8, 14, 18, 36, 38, 47, 53, 56, 59, 75, 76, 81, 88, 92, 95, 105, 1661, 1668, 1670, 1674, 1695, 1701, 1707, 1722, 1732, 1758, 1795, 1802, 1824, 1853, 1874, 1879, 1889, 1919, 1925, 1937, 1948, 1997, 2009, 2025, 2045
 7, 8, 14, 17, 18, 36, 38, 47, 53, 56, 59, 75, 76, 81, 85, 88, 92, 95, 105, 1670, 1674, 1695, 1701, 1707, 1722, 1758, 1770, 1771, 1772, 1776, 1780, 1802, 1824, 1853, 1869, 1874, 1889, 1948, 1997, 2009, 2025
 7, 36, 47, 53, 56, 59, 75, 76, 78, 81, 85, 88, 89, 92, 95, 105, 107, 121, 1697, 1701, 1722, 1723, 1734, 1736, 1758, 1764, 1770, 1780, 1784, 1785, 1793, 1802, 1853, 1869, 1948, 1951, 1952, 1984, 1997, 2009, 2025
 14, 36, 47, 53, 56, 57, 70, 75, 76, 78, 85, 88, 89, 92, 105, 108, 121, 1701, 1722, 1731, 1758, 1762, 1764, 1770, 1772, 1780, 1782, 1783, 1790, 1793, 1795, 1802, 1803, 1841, 1853, 1862, 1869, 1937, 1952, 1984, 1997
