
It shows an example, whch does not learn one element in the sequence:
It expects 5-6, but 6-5 is predicted every time.

-------------- 4 ---------------


...................................B.B..B.B.
CellState: 19136, 19162, 19249, 19263, 19306, 19422, 19487, 19502, 19598, 19614, 19678, 19692, 19697, 19732, 19749, 19860, 19908, 19925, 19954, 19993, 20015, 20029, 20061, 20094, 20101, 20116, 20200, 20218, 20255, 20371, 20399, 20422, 20487, 20544, 20574, 20640, 20641, 20642, 20643, 20644, 20645, 20646, 20647, 20648, 20649, 20650, 20651, 20652, 20653, 20654, 20670, 20671, 20672, 20673, 20674, 20675, 20676, 20677, 20678, 20679, 20680, 20681, 20682, 20683, 20684, 20697, 20700, 20701, 20702, 20703, 20704, 20705, 20706, 20707, 20708, 20709, 20710, 20711, 20712, 20713, 20714, 20730, 20731, 20732, 20733, 20734, 20735, 20736, 20737, 20738, 20739, 20740, 20741, 20742, 20743, 20744, 
Match 4
Item length: 93	 Items: 7766
cnt:5	3-4 = bits 0,279569892473118	 19136, 19162, 19249, 19263, 19306, 19422, 19487, 19502, 19598, 19614, 19678, 19692, 19697, 19732, 19749, 19860, 19908, 19925, 19954, 19993, 20015, 20029, 20061, 20094, 20101, 20116, 20200, 20218, 20255, 20371, 20399, 20422, 20487, 20544, 20574, 20640, 20641, 20642, 20643, 20644, 20645, 20646, 20647, 20648, 20649, 20650, 20651, 20652, 20653, 20654, 20670, 20671, 20672, 20673, 20674, 20675, 20676, 20677, 20678, 20679, 20680, 20681, 20682, 20683, 20684, 20697, 20700, 20701, 20702, 20703, 20704, 20705, 20706, 20707, 20708, 20709, 20710, 20711, 20712, 20713, 20714, 20730, 20731, 20732, 20733, 20734, 20735, 20736, 20737, 20738, 20739, 20740, 20741, 20742, 20743, 20744, 
cnt:6	4-5 = bits 0,763440860215054	 19697, 19732, 19749, 19873, 19908, 19925, 19954, 20015, 20029, 20061, 20094, 20101, 20116, 20200, 20255, 20382, 20399, 20422, 20484, 20547, 20574, 20642, 20644, 20673, 20675, 20705, 20712, 20730, 20732, 20739, 20900, 20903, 20904, 20919, 20920, 20923, 20965, 21077, 21082, 21085, 21106, 21109, 21119, 21240, 21250, 21252, 21377, 21381, 21383, 21467, 21474, 21478, 21504, 21540, 21544, 21545, 21666, 21670, 21674, 21696, 21698, 21703, 21744, 21747, 21749, 21860, 21861, 21866, 22110, 22119, 22124, 
[ 0-2, 2-3, 3-4, * 4-5 *, 5-6, 6-5,  ]
Current Input: 4 	| Predicted Input: 4-5
-------------- 5 ---------------
........................................
CellState: 19697, 19732, 19749, 19873, 19908, 19925, 19954, 20015, 20029, 20061, 20094, 20101, 20116, 20200, 20255, 20382, 20399, 20422, 20484, 20547, 20574, 20642, 20644, 20673, 20675, 20705, 20712, 20730, 20732, 20739, 20900, 20903, 20904, 20919, 20920, 20923, 20965, 21077, 21082, 21085, 21106, 21109, 21119, 21240, 21250, 21252, 21377, 21381, 21383, 21467, 21474, 21478, 21504, 21540, 21544, 21545, 21666, 21670, 21674, 21696, 21698, 21703, 21744, 21747, 21749, 21860, 21861, 21866, 22110, 22119, 22124, 
Match 5
Item length: 109	 Items: 7767
cnt:5	3-4 = bits 0,0917431192660551	 19136, 19162, 19249, 19263, 19306, 19422, 19487, 19502, 19598, 19614, 19678, 19692, 19697, 19732, 19749, 19860, 19908, 19925, 19954, 19993, 20015, 20029, 20061, 20094, 20101, 20116, 20200, 20218, 20255, 20371, 20399, 20422, 20487, 20544, 20574, 20640, 20641, 20642, 20643, 20644, 20645, 20646, 20647, 20648, 20649, 20650, 20651, 20652, 20653, 20654, 20670, 20671, 20672, 20673, 20674, 20675, 20676, 20677, 20678, 20679, 20680, 20681, 20682, 20683, 20684, 20697, 20700, 20701, 20702, 20703, 20704, 20705, 20706, 20707, 20708, 20709, 20710, 20711, 20712, 20713, 20714, 20730, 20731, 20732, 20733, 20734, 20735, 20736, 20737, 20738, 20739, 20740, 20741, 20742, 20743, 20744, 
cnt:6	4-5 = bits 0,495412844036697	 19697, 19732, 19749, 19873, 19908, 19925, 19954, 20015, 20029, 20061, 20094, 20101, 20116, 20200, 20255, 20382, 20399, 20422, 20484, 20547, 20574, 20642, 20644, 20673, 20675, 20705, 20712, 20730, 20732, 20739, 20900, 20903, 20904, 20919, 20920, 20923, 20965, 21077, 21082, 21085, 21106, 21109, 21119, 21240, 21250, 21252, 21377, 21381, 21383, 21467, 21474, 21478, 21504, 21540, 21544, 21545, 21666, 21670, 21674, 21696, 21698, 21703, 21744, 21747, 21749, 21860, 21861, 21866, 22110, 22119, 22124, 
cnt:7	5-6 = bits 0,660550458715596	 7139, 7165, 7331, 7353, 7462, 7823, 20642, 20644, 20673, 20675, 20705, 20706, 20712, 20730, 20732, 20739, 20864, 20900, 20903, 20904, 20919, 20920, 20923, 21077, 21082, 21085, 21106, 21109, 21119, 21240, 21250, 21252, 21377, 21381, 21383, 21467, 21474, 21478, 21504, 21540, 21544, 21545, 21666, 21670, 21674, 21696, 21698, 21703, 21744, 21747, 21749, 21860, 21861, 21866, 22110, 22119, 22124, 22236, 22344, 22374, 22449, 22516, 22573, 22811, 22936, 22980, 23059, 23089, 23120, 23346, 23444, 23471, 
cnt:8	6-5 = bits 0,715596330275229	 19698, 19705, 19733, 19736, 19746, 19753, 19868, 19909, 19917, 19920, 19950, 20023, 20030, 20064, 20089, 20090, 20112, 20113, 20117, 20123, 20192, 20201, 20257, 20264, 20381, 20389, 20391, 20416, 20428, 20481, 20540, 20578, 20642, 20675, 20706, 20712, 20732, 20739, 20900, 20903, 20904, 20919, 20920, 20923, 20963, 21077, 21082, 21085, 21106, 21109, 21119, 21240, 21250, 21252, 21377, 21381, 21383, 21467, 21474, 21478, 21504, 21540, 21544, 21545, 21666, 21670, 21674, 21696, 21698, 21703, 21744, 21747, 21749, 21860, 21861, 21866, 22110, 22119, 22124, 
[ 3-4, 4-5, 5-6, * 6-5 *, 5-4, 4-3,  ]
Current Input: 5 	| Predicted Input: 6-5
-------------- 6 ---------------
........................................
CellState: 7139, 7165, 7331, 7353, 7462, 7823, 20642, 20644, 20673, 20675, 20705, 20706, 20712, 20730, 20732, 20739, 20864, 20900, 20903, 20904, 20919, 20920, 20923, 21077, 21082, 21085, 21106, 21109, 21119, 21240, 21250, 21252, 21377, 21381, 21383, 21467, 21474, 21478, 21504, 21540, 21544, 21545, 21666, 21670, 21674, 21696, 21698, 21703, 21744, 21747, 21749, 21860, 21861, 21866, 22110, 22119, 22124, 22236, 22344, 22374, 22449, 22516, 22573, 22811, 22936, 22980, 23059, 23089, 23120, 23346, 23444, 23471, 
Missmatch Actual value: 5-6 - Predicted value: 6-5
Item length: 79	 Items: 7768
cnt:5	3-4 = bits 0,0759493670886076	 19136, 19162, 19249, 19263, 19306, 19422, 19487, 19502, 19598, 19614, 19678, 19692, 19697, 19732, 19749, 19860, 19908, 19925, 19954, 19993, 20015, 20029, 20061, 20094, 20101, 20116, 20200, 20218, 20255, 20371, 20399, 20422, 20487, 20544, 20574, 20640, 20641, 20642, 20643, 20644, 20645, 20646, 20647, 20648, 20649, 20650, 20651, 20652, 20653, 20654, 20670, 20671, 20672, 20673, 20674, 20675, 20676, 20677, 20678, 20679, 20680, 20681, 20682, 20683, 20684, 20697, 20700, 20701, 20702, 20703, 20704, 20705, 20706, 20707, 20708, 20709, 20710, 20711, 20712, 20713, 20714, 20730, 20731, 20732, 20733, 20734, 20735, 20736, 20737, 20738, 20739, 20740, 20741, 20742, 20743, 20744, 
cnt:6	4-5 = bits 0,569620253164557	 19697, 19732, 19749, 19873, 19908, 19925, 19954, 20015, 20029, 20061, 20094, 20101, 20116, 20200, 20255, 20382, 20399, 20422, 20484, 20547, 20574, 20642, 20644, 20673, 20675, 20705, 20712, 20730, 20732, 20739, 20900, 20903, 20904, 20919, 20920, 20923, 20965, 21077, 21082, 21085, 21106, 21109, 21119, 21240, 21250, 21252, 21377, 21381, 21383, 21467, 21474, 21478, 21504, 21540, 21544, 21545, 21666, 21670, 21674, 21696, 21698, 21703, 21744, 21747, 21749, 21860, 21861, 21866, 22110, 22119, 22124, 
cnt:7	5-6 = bits 0,582278481012658	 7139, 7165, 7331, 7353, 7462, 7823, 20642, 20644, 20673, 20675, 20705, 20706, 20712, 20730, 20732, 20739, 20864, 20900, 20903, 20904, 20919, 20920, 20923, 21077, 21082, 21085, 21106, 21109, 21119, 21240, 21250, 21252, 21377, 21381, 21383, 21467, 21474, 21478, 21504, 21540, 21544, 21545, 21666, 21670, 21674, 21696, 21698, 21703, 21744, 21747, 21749, 21860, 21861, 21866, 22110, 22119, 22124, 22236, 22344, 22374, 22449, 22516, 22573, 22811, 22936, 22980, 23059, 23089, 23120, 23346, 23444, 23471, 
cnt:8	6-5 = bits 1	 19698, 19705, 19733, 19736, 19746, 19753, 19868, 19909, 19917, 19920, 19950, 20023, 20030, 20064, 20089, 20090, 20112, 20113, 20117, 20123, 20192, 20201, 20257, 20264, 20381, 20389, 20391, 20416, 20428, 20481, 20540, 20578, 20642, 20675, 20706, 20712, 20732, 20739, 20900, 20903, 20904, 20919, 20920, 20923, 20963, 21077, 21082, 21085, 21106, 21109, 21119, 21240, 21250, 21252, 21377, 21381, 21383, 21467, 21474, 21478, 21504, 21540, 21544, 21545, 21666, 21670, 21674, 21696, 21698, 21703, 21744, 21747, 21749, 21860, 21861, 21866, 22110, 22119, 22124, 
[ 3-4, 4-5, 5-6, * 6-5 *, 5-4, 4-3,  ]
Current Input: 6 	| Predicted Input: 6-5
-------------- 5 ---------------


