Some of cell SDRs generate more then 20 active cells. This is because such SDRs activate cells of more than one pattern.
Sometimes TM learns faster and long SDRs will be reduced to the expected lenght (In this case 2% of 1024 columns = 20)
---------------------------------------------------------------------------------------------------------------------------

Active segments: 36, Matching segments: 159
Col  SDR: 161, 175, 654, 666, 667, 668, 670, 674, 684, 688, 692, 693, 695, 697, 702, 708, 710, 717, 722, 736, 
Cell SDR: 4025, 4026, 4027, 4028, 4029, 4030, 4031, 4032, 4033, 4034, 4035, 4036, 4037, 4038, 4039, 4040, 4041, 4042, 4043, 4044, 4045, 4046, 4047, 4048, 4049, 4375, 4376, 4377, 4378, 4379, 4380, 4381, 4382, 4383, 4384, 4385, 4386, 4387, 4388, 4389, 4390, 4391, 4392, 4393, 4394, 4395, 4396, 4397, 4398, 4399, 16350, 16351, 16352, 16353, 16354, 16355, 16356, 16357, 16358, 16359, 16360, 16361, 16362, 16363, 16364, 16365, 16366, 16367, 16368, 16369, 16370, 16371, 16372, 16373, 16374, 16650, 16651, 16652, 16653, 16654, 16655, 16656, 16657, 16658, 16659, 16660, 16661, 16662, 16663, 16664, 16665, 16666, 16667, 16668, 16669, 16670, 16671, 16672, 16673, 16674, 16675, 16676, 16677, 16678, 16679, 16680, 16681, 16682, 16683, 16684, 16685, 16686, 16687, 16688, 16689, 16690, 16691, 16692, 16693, 16694, 16695, 16696, 16697, 16698, 16699, 16700, 16701, 16702, 16703, 16704, 16705, 16706, 16707, 16708, 16709, 16710, 16711, 16712, 16713, 16714, 16715, 16716, 16717, 16718, 16719, 16720, 16721, 16722, 16723, 16724, 16750, 16751, 16752, 16753, 16754, 16755, 16756, 16757, 16758, 16759, 16760, 16761, 16762, 16763, 16764, 16765, 16766, 16767, 16768, 16769, 16770, 16771, 16772, 16773, 16774, 16850, 16851, 16852, 16853, 16854, 16855, 16856, 16857, 16858, 16859, 16860, 16861, 16862, 16863, 16864, 16865, 16866, 16867, 16868, 16869, 16870, 16871, 16872, 16873, 16874, 17100, 17101, 17102, 17103, 17104, 17105, 17106, 17107, 17108, 17109, 17110, 17111, 17112, 17113, 17114, 17115, 17116, 17117, 17118, 17119, 17120, 17121, 17122, 17123, 17124, 17200, 17201, 17202, 17203, 17204, 17205, 17206, 17207, 17208, 17209, 17210, 17211, 17212, 17213, 17214, 17215, 17216, 17217, 17218, 17219, 17220, 17221, 17222, 17223, 17224, 17300, 17301, 17302, 17303, 17304, 17305, 17306, 17307, 17308, 17309, 17310, 17311, 17312, 17313, 17314, 17315, 17316, 17317, 17318, 17319, 17320, 17321, 17322, 17323, 17324, 17325, 17326, 17327, 17328, 17329, 17330, 17331, 17332, 17333, 17334, 17335, 17336, 17337, 17338, 17339, 17340, 17341, 17342, 17343, 17344, 17345, 17346, 17347, 17348, 17349, 17375, 17376, 17377, 17378, 17379, 17380, 17381, 17382, 17383, 17384, 17385, 17386, 17387, 17388, 17389, 17390, 17391, 17392, 17393, 17394, 17395, 17396, 17397, 17398, 17399, 17425, 17426, 17427, 17428, 17429, 17430, 17431, 17432, 17433, 17434, 17435, 17436, 17437, 17438, 17439, 17440, 17441, 17442, 17443, 17444, 17445, 17446, 17447, 17448, 17449, 17550, 17551, 17552, 17553, 17554, 17555, 17556, 17557, 17558, 17559, 17560, 17561, 17562, 17563, 17564, 17565, 17566, 17567, 17568, 17569, 17570, 17571, 17572, 17573, 17574, 17700, 17701, 17702, 17703, 17704, 17705, 17706, 17707, 17708, 17709, 17710, 17711, 17712, 17713, 17714, 17715, 17716, 17717, 17718, 17719, 17720, 17721, 17722, 17723, 17724, 17750, 17751, 17752, 17753, 17754, 17755, 17756, 17757, 17758, 17759, 17760, 17761, 17762, 17763, 17764, 17765, 17766, 17767, 17768, 17769, 17770, 17771, 17772, 17773, 17774, 17925, 17926, 17927, 17928, 17929, 17930, 17931, 17932, 17933, 17934, 17935, 17936, 17937, 17938, 17939, 17940, 17941, 17942, 17943, 17944, 17945, 17946, 17947, 17948, 17949, 18050, 18051, 18052, 18053, 18054, 18055, 18056, 18057, 18058, 18059, 18060, 18061, 18062, 18063, 18064, 18065, 18066, 18067, 18068, 18069, 18070, 18071, 18072, 18073, 18074, 18400, 18401, 18402, 18403, 18404, 18405, 18406, 18407, 18408, 18409, 18410, 18411, 18412, 18413, 18414, 18415, 18416, 18417, 18418, 18419, 18420, 18421, 18422, 18423, 18424, 
Missmatch! Actual value: 6-5-4-3-7-1-9-12-11-12-13-14-11-12-14-5-7-6-9-3-4-3-4-3-4-0-1-0-2-3-4-5 - Predicted value: 
Item length: 35	 Items: 32
Predictive cells: 35 	 5826, 6040, 6246, 6629, 14742, 15904, 16132, 16482, 17562, 17936, 18185, 18201, 18410, 18415, 18421, 18513, 18703, 18706, 18711, 18868, 18955, 18960, 18967, 19180, 19188, 19340, 19389, 19504, 19510, 19513, 19658, 19677, 19679, 19689, 19703, 
<indx:0	inp/len: 4-5-6-5-4-3-7-1-9-12-11-12-13-14-11-12-14-5-7-6-9-3-4-3-4-3-4-0-1-0-2-3/20 = similarity 0	 1573, 2014, 3201, 13878, 13939, 14130, 14199, 14207, 14251, 14329, 14384, 14738, 14957, 15367, 15616, 15628, 15920, 16149, 16342, 16495, 
<indx:0	inp/len: 5-6-5-4-3-7-1-9-12-11-12-13-14-11-12-14-5-7-6-9-3-4-3-4-3-4-0-1-0-2-3-4/20 = similarity 0	 4046, 4384, 4715, 14731, 15081, 15248, 15591, 15900, 16143, 16357, 16447, 16493, 16680, 16749, 16871, 16907, 17111, 17201, 17341, 17397, 
>indx:0	inp/len: 6-5-4-3-7-1-9-12-11-12-13-14-11-12-14-5-7-6-9-3-4-3-4-3-4-0-1-0-2-3-4-5/500 = similarity 5	 4025, 4026, 4027, 4028, 4029, 4030, 4031, 4032, 4033, 4034, 4035, 4036, 4037, 4038, 4039, 4040, 4041, 4042, 4043, 4044, 4045, 4046, 4047, 4048, 4049, 4375, 4376, 4377, 4378, 4379, 4380, 4381, 4382, 4383, 4384, 4385, 4386, 4387, 4388, 4389, 4390, 4391, 4392, 4393, 4394, 4395, 4396, 4397, 4398, 4399, 16350, 16351, 16352, 16353, 16354, 16355, 16356, 16357, 16358, 16359, 16360, 16361, 16362, 16363, 16364, 16365, 16366, 16367, 16368, 16369, 16370, 16371, 16372, 16373, 16374, 16650, 16651, 16652, 16653, 16654, 16655, 16656, 16657, 16658, 16659, 16660, 16661, 16662, 16663, 16664, 16665, 16666, 16667, 16668, 16669, 16670, 16671, 16672, 16673, 16674, 16675, 16676, 16677, 16678, 16679, 16680, 16681, 16682, 16683, 16684, 16685, 16686, 16687, 16688, 16689, 16690, 16691, 16692, 16693, 16694, 16695, 16696, 16697, 16698, 16699, 16700, 16701, 16702, 16703, 16704, 16705, 16706, 16707, 16708, 16709, 16710, 16711, 16712, 16713, 16714, 16715, 16716, 16717, 16718, 16719, 16720, 16721, 16722, 16723, 16724, 16750, 16751, 16752, 16753, 16754, 16755, 16756, 16757, 16758, 16759, 16760, 16761, 16762, 16763, 16764, 16765, 16766, 16767, 16768, 16769, 16770, 16771, 16772, 16773, 16774, 16850, 16851, 16852, 16853, 16854, 16855, 16856, 16857, 16858, 16859, 16860, 16861, 16862, 16863, 16864, 16865, 16866, 16867, 16868, 16869, 16870, 16871, 16872, 16873, 16874, 17100, 17101, 17102, 17103, 17104, 17105, 17106, 17107, 17108, 17109, 17110, 17111, 17112, 17113, 17114, 17115, 17116, 17117, 17118, 17119, 17120, 17121, 17122, 17123, 17124, 17200, 17201, 17202, 17203, 17204, 17205, 17206, 17207, 17208, 17209, 17210, 17211, 17212, 17213, 17214, 17215, 17216, 17217, 17218, 17219, 17220, 17221, 17222, 17223, 17224, 17300, 17301, 17302, 17303, 17304, 17305, 17306, 17307, 17308, 17309, 17310, 17311, 17312, 17313, 17314, 17315, 17316, 17317, 17318, 17319, 17320, 17321, 17322, 17323, 17324, 17325, 17326, 17327, 17328, 17329, 17330, 17331, 17332, 17333, 17334, 17335, 17336, 17337, 17338, 17339, 17340, 17341, 17342, 17343, 17344, 17345, 17346, 17347, 17348, 17349, 17375, 17376, 17377, 17378, 17379, 17380, 17381, 17382, 17383, 17384, 17385, 17386, 17387, 17388, 17389, 17390, 17391, 17392, 17393, 17394, 17395, 17396, 17397, 17398, 17399, 17425, 17426, 17427, 17428, 17429, 17430, 17431, 17432, 17433, 17434, 17435, 17436, 17437, 17438, 17439, 17440, 17441, 17442, 17443, 17444, 17445, 17446, 17447, 17448, 17449, 17550, 17551, 17552, 17553, 17554, 17555, 17556, 17557, 17558, 17559, 17560, 17561, 17562, 17563, 17564, 17565, 17566, 17567, 17568, 17569, 17570, 17571, 17572, 17573, 17574, 17700, 17701, 17702, 17703, 17704, 17705, 17706, 17707, 17708, 17709, 17710, 17711, 17712, 17713, 17714, 17715, 17716, 17717, 17718, 17719, 17720, 17721, 17722, 17723, 17724, 17750, 17751, 17752, 17753, 17754, 17755, 17756, 17757, 17758, 17759, 17760, 17761, 17762, 17763, 17764, 17765, 17766, 17767, 17768, 17769, 17770, 17771, 17772, 17773, 17774, 17925, 17926, 17927, 17928, 17929, 17930, 17931, 17932, 17933, 17934, 17935, 17936, 17937, 17938, 17939, 17940, 17941, 17942, 17943, 17944, 17945, 17946, 17947, 17948, 17949, 18050, 18051, 18052, 18053, 18054, 18055, 18056, 18057, 18058, 18059, 18060, 18061, 18062, 18063, 18064, 18065, 18066, 18067, 18068, 18069, 18070, 18071, 18072, 18073, 18074, 18400, 18401, 18402, 18403, 18404, 18405, 18406, 18407, 18408, 18409, 18410, 18411, 18412, 18413, 18414, 18415, 18416, 18417, 18418, 18419, 18420, 18421, 18422, 18423, 18424, 
>indx:0	inp/len: 5-4-3-7-1-9-12-11-12-13-14-11-12-14-5-7-6-9-3-4-3-4-3-4-0-1-0-2-3-4-5-6/31 = similarity 31	 5826, 6040, 6246, 6629, 17562, 17936, 18185, 18201, 18410, 18415, 18421, 18513, 18703, 18706, 18711, 18868, 18955, 18960, 18967, 19180, 19188, 19340, 19389, 19504, 19510, 19513, 19658, 19677, 19679, 19689, 19703, 
<indx:0	inp/len: 4-3-7-1-9-12-11-12-13-14-11-12-14-5-7-6-9-3-4-3-4-3-4-0-1-0-2-3-4-5-6-5/20 = similarity 0	 4030, 4375, 16352, 16661, 16680, 16724, 16759, 16868, 17114, 17212, 17306, 17326, 17382, 17427, 17567, 17709, 17750, 17945, 18066, 18417, 
<indx:0	inp/len: 3-7-1-9-12-11-12-13-14-11-12-14-5-7-6-9-3-4-3-4-3-4-0-1-0-2-3-4-5-6-5-4/404 = similarity 4	 4025, 4026, 4027, 4028, 4029, 4030, 4031, 4032, 4033, 4034, 4035, 4036, 4037, 4038, 4039, 4040, 4041, 4042, 4043, 4044, 4045, 4046, 4047, 4048, 4049, 4375, 4376, 4377, 4378, 4379, 4380, 4381, 4382, 4383, 4384, 4385, 4386, 4387, 4388, 4389, 4390, 4391, 4392, 4393, 4394, 4395, 4396, 4397, 4398, 4399, 4700, 4701, 4702, 4703, 4704, 4705, 4706, 4707, 4708, 4709, 4710, 4711, 4712, 4713, 4714, 4715, 4716, 4717, 4718, 4719, 4720, 4721, 4722, 4723, 4724, 14742, 15075, 15076, 15077, 15078, 15079, 15080, 15081, 15082, 15083, 15084, 15085, 15086, 15087, 15088, 15089, 15090, 15091, 15092, 15093, 15094, 15095, 15096, 15097, 15098, 15099, 15225, 15226, 15227, 15228, 15229, 15230, 15231, 15232, 15233, 15234, 15235, 15236, 15237, 15238, 15239, 15240, 15241, 15242, 15243, 15244, 15245, 15246, 15247, 15248, 15249, 15575, 15576, 15577, 15578, 15579, 15580, 15581, 15582, 15583, 15584, 15585, 15586, 15587, 15588, 15589, 15590, 15591, 15592, 15593, 15594, 15595, 15596, 15597, 15598, 15599, 15904, 16132, 16350, 16351, 16352, 16353, 16354, 16355, 16356, 16357, 16358, 16359, 16360, 16361, 16362, 16363, 16364, 16365, 16366, 16367, 16368, 16369, 16370, 16371, 16372, 16373, 16374, 16425, 16426, 16427, 16428, 16429, 16430, 16431, 16432, 16433, 16434, 16435, 16436, 16437, 16438, 16439, 16440, 16441, 16442, 16443, 16444, 16445, 16446, 16447, 16448, 16449, 16482, 16675, 16676, 16677, 16678, 16679, 16680, 16681, 16682, 16683, 16684, 16685, 16686, 16687, 16688, 16689, 16690, 16691, 16692, 16693, 16694, 16695, 16696, 16697, 16698, 16699, 16725, 16726, 16727, 16728, 16729, 16730, 16731, 16732, 16733, 16734, 16735, 16736, 16737, 16738, 16739, 16740, 16741, 16742, 16743, 16744, 16745, 16746, 16747, 16748, 16749, 16850, 16851, 16852, 16853, 16854, 16855, 16856, 16857, 16858, 16859, 16860, 16861, 16862, 16863, 16864, 16865, 16866, 16867, 16868, 16869, 16870, 16871, 16872, 16873, 16874, 16900, 16901, 16902, 16903, 16904, 16905, 16906, 16907, 16908, 16909, 16910, 16911, 16912, 16913, 16914, 16915, 16916, 16917, 16918, 16919, 16920, 16921, 16922, 16923, 16924, 17100, 17101, 17102, 17103, 17104, 17105, 17106, 17107, 17108, 17109, 17110, 17111, 17112, 17113, 17114, 17115, 17116, 17117, 17118, 17119, 17120, 17121, 17122, 17123, 17124, 17200, 17201, 17202, 17203, 17204, 17205, 17206, 17207, 17208, 17209, 17210, 17211, 17212, 17213, 17214, 17215, 17216, 17217, 17218, 17219, 17220, 17221, 17222, 17223, 17224, 17325, 17326, 17327, 17328, 17329, 17330, 17331, 17332, 17333, 17334, 17335, 17336, 17337, 17338, 17339, 17340, 17341, 17342, 17343, 17344, 17345, 17346, 17347, 17348, 17349, 17375, 17376, 17377, 17378, 17379, 17380, 17381, 17382, 17383, 17384, 17385, 17386, 17387, 17388, 17389, 17390, 17391, 17392, 17393, 17394, 17395, 17396, 17397, 17398, 17399, 
<indx:0	inp/len: 7-1-9-12-11-12-13-14-11-12-14-5-7-6-9-3-4-3-4-3-4-0-1-0-2-3-4-5-6-5-4-3/40 = similarity 0	 1561, 1563, 2003, 2006, 3205, 3209, 13882, 13889, 13931, 13948, 14142, 14145, 14189, 14195, 14209, 14223, 14268, 14269, 14333, 14337, 14389, 14396, 14727, 14741, 14970, 14973, 15350, 15358, 15607, 15617, 15640, 15644, 15905, 15924, 16131, 16134, 16340, 16349, 16477, 16496, 
<indx:0	inp/len: 1-9-12-11-12-13-14-11-12-14-5-7-6-9-3-4-3-4-3-4-0-1-0-2-3-4-5-6-5-4-3-7/20 = similarity 0	 7159, 7328, 7405, 18403, 18709, 18973, 18977, 19101, 19177, 19245, 19522, 19548, 19697, 20072, 20385, 20435, 20534, 20685, 20740, 20786, 
<indx:0	inp/len: 9-12-11-12-13-14-11-12-14-5-7-6-9-3-4-3-4-3-4-0-1-0-2-3-4-5-6-5-4-3-7-1/20 = similarity 0	 199, 668, 11352, 11405, 11747, 12066, 12204, 12358, 12565, 12805, 12957, 13014, 13056, 13238, 14193, 14271, 24489, 25146, 25510, 25554, 
<indx:0	inp/len: 12-11-12-13-14-11-12-14-5-7-6-9-3-4-3-4-3-4-0-1-0-2-3-4-5-6-5-4-3-7-1-9/20 = similarity 0	 8448, 9296, 20152, 20615, 20809, 20843, 20990, 21369, 21479, 21545, 21663, 21741, 21789, 21939, 22220, 22269, 22324, 22413, 22554, 22995, 
<indx:0	inp/len: 11-12-13-14-11-12-14-5-7-6-9-3-4-3-4-3-4-0-1-0-2-3-4-5-6-5-4-3-7-1-9-12/20 = similarity 0	 12037, 12079, 12191, 12530, 12750, 12985, 23562, 23928, 24052, 24306, 24571, 24595, 24774, 24935, 25065, 25170, 25273, 25407, 25474, 25541, 
<indx:0	inp/len: 12-13-14-11-12-14-5-7-6-9-3-4-3-4-3-4-0-1-0-2-3-4-5-6-5-4-3-7-1-9-12-11/20 = similarity 0	 11503, 11999, 12082, 12531, 21477, 22266, 22485, 22596, 22847, 22983, 23292, 23427, 23544, 23563, 24559, 24579, 24759, 24823, 25172, 25304, 
<indx:0	inp/len: 13-14-11-12-14-5-7-6-9-3-4-3-4-3-4-0-1-0-2-3-4-5-6-5-4-3-7-1-9-12-11-12/20 = similarity 0	 12048, 12083, 12199, 12529, 12753, 12989, 23573, 23944, 24067, 24310, 24564, 24578, 24766, 24944, 25056, 25154, 25257, 25413, 25456, 25533, 
<indx:0	inp/len: 14-11-12-14-5-7-6-9-3-4-3-4-3-4-0-1-0-2-3-4-5-6-5-4-3-7-1-9-12-11-12-13/20 = similarity 0	 269, 1151, 1354, 1511, 12548, 13042, 13437, 13525, 13639, 13696, 13716, 13908, 14034, 24060, 24583, 24693, 24976, 25171, 25465, 25527, 
<indx:0	inp/len: 11-12-14-5-7-6-9-3-4-3-4-3-4-0-1-0-2-3-4-5-6-5-4-3-7-1-9-12-11-12-13-14/20 = similarity 0	 256, 1508, 2182, 2201, 2291, 2540, 2622, 2735, 14573, 14658, 14868, 14926, 14997, 15138, 15169, 15204, 15274, 15393, 15445, 15770, 
<indx:0	inp/len: 12-14-5-7-6-9-3-4-3-4-3-4-0-1-0-2-3-4-5-6-5-4-3-7-1-9-12-11-12-13-14-11/20 = similarity 0	 11511, 11975, 12089, 12543, 21480, 22272, 22491, 22584, 22835, 22987, 23289, 23440, 23527, 23574, 24562, 24598, 24762, 24801, 25168, 25315, 
<indx:0	inp/len: 14-5-7-6-9-3-4-3-4-3-4-0-1-0-2-3-4-5-6-5-4-3-7-1-9-12-11-12-13-14-11-12/20 = similarity 0	 12049, 12086, 12176, 12532, 12751, 12993, 23557, 23936, 24054, 24308, 24570, 24584, 24758, 24938, 25061, 25164, 25267, 25404, 25450, 25548, 
<indx:0	inp/len: 5-7-6-9-3-4-3-4-3-4-0-1-0-2-3-4-5-6-5-4-3-7-1-9-12-11-12-13-14-11-12-14/20 = similarity 0	 264, 1502, 2185, 2209, 2277, 2541, 2612, 2742, 14558, 14659, 14850, 14946, 14990, 15128, 15164, 15202, 15259, 15386, 15443, 15772, 
<indx:0	inp/len: 7-6-9-3-4-3-4-3-4-0-1-0-2-3-4-5-6-5-4-3-7-1-9-12-11-12-13-14-11-12-14-5/20 = similarity 1	 4032, 4385, 16368, 16658, 16686, 16708, 16766, 16865, 17107, 17219, 17321, 17337, 17383, 17426, 17557, 17707, 17759, 17936, 18072, 18405, 
<indx:0	inp/len: 6-9-3-4-3-4-3-4-0-1-0-2-3-4-5-6-5-4-3-7-1-9-12-11-12-13-14-11-12-14-5-7/356 = similarity 6	 7150, 7151, 7152, 7153, 7154, 7155, 7156, 7157, 7158, 7159, 7160, 7161, 7162, 7163, 7164, 7165, 7166, 7167, 7168, 7169, 7170, 7171, 7172, 7173, 7174, 7325, 7326, 7327, 7328, 7329, 7330, 7331, 7332, 7333, 7334, 7335, 7336, 7337, 7338, 7339, 7340, 7341, 7342, 7343, 7344, 7345, 7346, 7347, 7348, 7349, 7400, 7401, 7402, 7403, 7404, 7405, 7406, 7407, 7408, 7409, 7410, 7411, 7412, 7413, 7414, 7415, 7416, 7417, 7418, 7419, 7420, 7421, 7422, 7423, 7424, 18415, 18711, 18960, 18975, 18976, 18977, 18978, 18979, 18980, 18981, 18982, 18983, 18984, 18985, 18986, 18987, 18988, 18989, 18990, 18991, 18992, 18993, 18994, 18995, 18996, 18997, 18998, 18999, 19100, 19101, 19102, 19103, 19104, 19105, 19106, 19107, 19108, 19109, 19110, 19111, 19112, 19113, 19114, 19115, 19116, 19117, 19118, 19119, 19120, 19121, 19122, 19123, 19124, 19188, 19225, 19226, 19227, 19228, 19229, 19230, 19231, 19232, 19233, 19234, 19235, 19236, 19237, 19238, 19239, 19240, 19241, 19242, 19243, 19244, 19245, 19246, 19247, 19248, 19249, 19504, 19525, 19526, 19527, 19528, 19529, 19530, 19531, 19532, 19533, 19534, 19535, 19536, 19537, 19538, 19539, 19540, 19541, 19542, 19543, 19544, 19545, 19546, 19547, 19548, 19549, 19677, 20050, 20051, 20052, 20053, 20054, 20055, 20056, 20057, 20058, 20059, 20060, 20061, 20062, 20063, 20064, 20065, 20066, 20067, 20068, 20069, 20070, 20071, 20072, 20073, 20074, 20375, 20376, 20377, 20378, 20379, 20380, 20381, 20382, 20383, 20384, 20385, 20386, 20387, 20388, 20389, 20390, 20391, 20392, 20393, 20394, 20395, 20396, 20397, 20398, 20399, 20425, 20426, 20427, 20428, 20429, 20430, 20431, 20432, 20433, 20434, 20435, 20436, 20437, 20438, 20439, 20440, 20441, 20442, 20443, 20444, 20445, 20446, 20447, 20448, 20449, 20525, 20526, 20527, 20528, 20529, 20530, 20531, 20532, 20533, 20534, 20535, 20536, 20537, 20538, 20539, 20540, 20541, 20542, 20543, 20544, 20545, 20546, 20547, 20548, 20549, 20675, 20676, 20677, 20678, 20679, 20680, 20681, 20682, 20683, 20684, 20685, 20686, 20687, 20688, 20689, 20690, 20691, 20692, 20693, 20694, 20695, 20696, 20697, 20698, 20699, 20725, 20726, 20727, 20728, 20729, 20730, 20731, 20732, 20733, 20734, 20735, 20736, 20737, 20738, 20739, 20740, 20741, 20742, 20743, 20744, 20745, 20746, 20747, 20748, 20749, 20775, 20776, 20777, 20778, 20779, 20780, 20781, 20782, 20783, 20784, 20785, 20786, 20787, 20788, 20789, 20790, 20791, 20792, 20793, 20794, 20795, 20796, 20797, 20798, 20799, 
<indx:0	inp/len: 9-3-4-3-4-3-4-0-1-0-2-3-4-5-6-5-4-3-7-1-9-12-11-12-13-14-11-12-14-5-7-6/20 = similarity 1	 5830, 6034, 6234, 6644, 17554, 17930, 18182, 18217, 18421, 18505, 18709, 18874, 18961, 19183, 19348, 19379, 19506, 19666, 19686, 19704, 
<indx:0	inp/len: 3-4-3-4-3-4-0-1-0-2-3-4-5-6-5-4-3-7-1-9-12-11-12-13-14-11-12-14-5-7-6-9/20 = similarity 0	 8440, 9283, 20162, 20624, 20800, 20847, 20997, 21353, 21476, 21529, 21667, 21745, 21798, 21935, 22208, 22263, 22301, 22410, 22561, 22982, 
<indx:0	inp/len: 4-3-4-3-4-0-1-0-2-3-4-5-6-5-4-3-7-1-9-12-11-12-13-14-11-12-14-5-7-6-9-3/20 = similarity 0	 1565, 2015, 3202, 13897, 13932, 14133, 14179, 14224, 14274, 14334, 14378, 14729, 14969, 15372, 15623, 15634, 15921, 16136, 16347, 16483, 
<indx:0	inp/len: 3-4-3-4-0-1-0-2-3-4-5-6-5-4-3-7-1-9-12-11-12-13-14-11-12-14-5-7-6-9-3-4/20 = similarity 0	 4043, 4376, 4703, 14735, 15087, 15238, 15577, 15910, 16145, 16371, 16439, 16487, 16694, 16734, 16859, 16911, 17106, 17207, 17337, 17384, 
<indx:0	inp/len: 4-3-4-0-1-0-2-3-4-5-6-5-4-3-7-1-9-12-11-12-13-14-11-12-14-5-7-6-9-3-4-3/20 = similarity 0	 1563, 2006, 3205, 13882, 13931, 14142, 14195, 14223, 14269, 14337, 14396, 14741, 14970, 15350, 15617, 15644, 15924, 16134, 16349, 16477, 
<indx:0	inp/len: 3-4-0-1-0-2-3-4-5-6-5-4-3-7-1-9-12-11-12-13-14-11-12-14-5-7-6-9-3-4-3-4/20 = similarity 0	 4027, 4392, 4720, 14730, 15082, 15245, 15587, 15918, 16125, 16366, 16437, 16499, 16690, 16737, 16864, 16912, 17117, 17221, 17333, 17375, 
<indx:0	inp/len: 4-0-1-0-2-3-4-5-6-5-4-3-7-1-9-12-11-12-13-14-11-12-14-5-7-6-9-3-4-3-4-3/500 = similarity 4	 1550, 1551, 1552, 1553, 1554, 1555, 1556, 1557, 1558, 1559, 1560, 1561, 1562, 1563, 1564, 1565, 1566, 1567, 1568, 1569, 1570, 1571, 1572, 1573, 1574, 2000, 2001, 2002, 2003, 2004, 2005, 2006, 2007, 2008, 2009, 2010, 2011, 2012, 2013, 2014, 2015, 2016, 2017, 2018, 2019, 2020, 2021, 2022, 2023, 2024, 3200, 3201, 3202, 3203, 3204, 3205, 3206, 3207, 3208, 3209, 3210, 3211, 3212, 3213, 3214, 3215, 3216, 3217, 3218, 3219, 3220, 3221, 3222, 3223, 3224, 13875, 13876, 13877, 13878, 13879, 13880, 13881, 13882, 13883, 13884, 13885, 13886, 13887, 13888, 13889, 13890, 13891, 13892, 13893, 13894, 13895, 13896, 13897, 13898, 13899, 13925, 13926, 13927, 13928, 13929, 13930, 13931, 13932, 13933, 13934, 13935, 13936, 13937, 13938, 13939, 13940, 13941, 13942, 13943, 13944, 13945, 13946, 13947, 13948, 13949, 14125, 14126, 14127, 14128, 14129, 14130, 14131, 14132, 14133, 14134, 14135, 14136, 14137, 14138, 14139, 14140, 14141, 14142, 14143, 14144, 14145, 14146, 14147, 14148, 14149, 14175, 14176, 14177, 14178, 14179, 14180, 14181, 14182, 14183, 14184, 14185, 14186, 14187, 14188, 14189, 14190, 14191, 14192, 14193, 14194, 14195, 14196, 14197, 14198, 14199, 14200, 14201, 14202, 14203, 14204, 14205, 14206, 14207, 14208, 14209, 14210, 14211, 14212, 14213, 14214, 14215, 14216, 14217, 14218, 14219, 14220, 14221, 14222, 14223, 14224, 14250, 14251, 14252, 14253, 14254, 14255, 14256, 14257, 14258, 14259, 14260, 14261, 14262, 14263, 14264, 14265, 14266, 14267, 14268, 14269, 14270, 14271, 14272, 14273, 14274, 14325, 14326, 14327, 14328, 14329, 14330, 14331, 14332, 14333, 14334, 14335, 14336, 14337, 14338, 14339, 14340, 14341, 14342, 14343, 14344, 14345, 14346, 14347, 14348, 14349, 14375, 14376, 14377, 14378, 14379, 14380, 14381, 14382, 14383, 14384, 14385, 14386, 14387, 14388, 14389, 14390, 14391, 14392, 14393, 14394, 14395, 14396, 14397, 14398, 14399, 14725, 14726, 14727, 14728, 14729, 14730, 14731, 14732, 14733, 14734, 14735, 14736, 14737, 14738, 14739, 14740, 14741, 14742, 14743, 14744, 14745, 14746, 14747, 14748, 14749, 14950, 14951, 14952, 14953, 14954, 14955, 14956, 14957, 14958, 14959, 14960, 14961, 14962, 14963, 14964, 14965, 14966, 14967, 14968, 14969, 14970, 14971, 14972, 14973, 14974, 15350, 15351, 15352, 15353, 15354, 15355, 15356, 15357, 15358, 15359, 15360, 15361, 15362, 15363, 15364, 15365, 15366, 15367, 15368, 15369, 15370, 15371, 15372, 15373, 15374, 15600, 15601, 15602, 15603, 15604, 15605, 15606, 15607, 15608, 15609, 15610, 15611, 15612, 15613, 15614, 15615, 15616, 15617, 15618, 15619, 15620, 15621, 15622, 15623, 15624, 15625, 15626, 15627, 15628, 15629, 15630, 15631, 15632, 15633, 15634, 15635, 15636, 15637, 15638, 15639, 15640, 15641, 15642, 15643, 15644, 15645, 15646, 15647, 15648, 15649, 15900, 15901, 15902, 15903, 15904, 15905, 15906, 15907, 15908, 15909, 15910, 15911, 15912, 15913, 15914, 15915, 15916, 15917, 15918, 15919, 15920, 15921, 15922, 15923, 15924, 16125, 16126, 16127, 16128, 16129, 16130, 16131, 16132, 16133, 16134, 16135, 16136, 16137, 16138, 16139, 16140, 16141, 16142, 16143, 16144, 16145, 16146, 16147, 16148, 16149, 16325, 16326, 16327, 16328, 16329, 16330, 16331, 16332, 16333, 16334, 16335, 16336, 16337, 16338, 16339, 16340, 16341, 16342, 16343, 16344, 16345, 16346, 16347, 16348, 16349, 16475, 16476, 16477, 16478, 16479, 16480, 16481, 16482, 16483, 16484, 16485, 16486, 16487, 16488, 16489, 16490, 16491, 16492, 16493, 16494, 16495, 16496, 16497, 16498, 16499, 
<indx:0	inp/len: 0-1-0-2-3-4-5-6-5-4-3-7-1-9-12-11-12-13-14-11-12-14-5-7-6-9-3-4-3-4-3-4/101 = similarity 0	 4027, 4028, 4029, 4031, 4043, 4046, 4376, 4384, 4392, 4399, 4703, 4715, 4719, 4720, 4724, 14730, 14731, 14735, 14747, 15081, 15082, 15085, 15087, 15095, 15232, 15238, 15242, 15245, 15248, 15577, 15587, 15589, 15591, 15594, 15900, 15910, 15913, 15914, 15918, 16125, 16139, 16143, 16144, 16145, 16357, 16366, 16367, 16371, 16372, 16429, 16437, 16439, 16440, 16444, 16447, 16480, 16484, 16487, 16493, 16499, 16677, 16679, 16680, 16690, 16694, 16729, 16734, 16737, 16738, 16749, 16858, 16859, 16861, 16864, 16871, 16907, 16911, 16912, 16917, 16921, 17106, 17111, 17117, 17120, 17122, 17201, 17207, 17217, 17221, 17222, 17333, 17335, 17337, 17341, 17347, 17375, 17379, 17384, 17385, 17393, 17397, 
<indx:0	inp/len: 1-0-2-3-4-5-6-5-4-3-7-1-9-12-11-12-13-14-11-12-14-5-7-6-9-3-4-3-4-3-4-0/20 = similarity 0	 10644, 10791, 11363, 11738, 12055, 12202, 12362, 12509, 12562, 12801, 12882, 12954, 13010, 23740, 24237, 24479, 25108, 25125, 25398, 25550, 
<indx:0	inp/len: 0-2-3-4-5-6-5-4-3-7-1-9-12-11-12-13-14-11-12-14-5-7-6-9-3-4-3-4-3-4-0-1/20 = similarity 0	 187, 660, 11361, 11408, 11737, 12070, 12224, 12366, 12556, 12810, 12953, 13022, 13051, 13233, 14181, 14253, 24498, 25137, 25502, 25551, 
<indx:0	inp/len: 2-3-4-5-6-5-4-3-7-1-9-12-11-12-13-14-11-12-14-5-7-6-9-3-4-3-4-3-4-0-1-0/20 = similarity 0	 10649, 10789, 11359, 11745, 12053, 12205, 12372, 12516, 12572, 12800, 12897, 12951, 13005, 23728, 24230, 24483, 25104, 25142, 25386, 25560, 
<indx:0	inp/len: 3-4-5-6-5-4-3-7-1-9-12-11-12-13-14-11-12-14-5-7-6-9-3-4-3-4-3-4-0-1-0-2/20 = similarity 0	 1560, 1583, 2019, 2166, 12947, 12960, 13060, 13248, 13425, 13727, 13886, 14138, 14190, 14270, 14298, 14310, 14349, 14381, 14759, 14922, 
Current Input: 5 	| Predicted Input: 5-4-3-7-1-9-12-11-12-13-14-11-12-14-5-7-6-9-3-4-3-4-3-4-0-1-0-2-3-4-5-6
-------------- 6 ---------------
